41 5 59 80 39 0
42 52 48 97 23 23
46 35 59 120 30 36
42 16 12 71 48 0
43 37 48 89 46 11
36 5 59 80 15 0
49 52 48 97 9 0
39 11 23 78 9 36
34 14 24 77 55 11
39 45 0 75 33 0
48 9 0 103 37 12
41 15 0 77 0 0
37 40 48 82 16 47
33 54 0 98 29 23
37 41 23 97 20 23
40 4 11 80 43 12
26 43 11 80 3 0
47 25 11 120 19 11
41 25 11 122 23 23
31 13 11 82 20 59
44 57 35 89 38 23
42 21 36 87 49 48
44 54 0 97 6 36
43 58 47 75 55 11
42 30 0 92 20 23
41 32 59 73 3 0
38 53 23 77 1 47
41 50 59 79 8 23
46 4 11 118 19 48
31 32 59 97 8 23
38 40 48 87 31 47
28 48 35 97 0 36
32 20 59 90 52 47
49 16 12 123 7 12
46 55 11 98 0 36
30 49 47 83 16 47
43 6 36 75 13 48
39 54 0 79 43 48
32 20 59 95 18 0
42 33 36 114 28 12
33 12 35 87 34 11
34 15 35 88 42 35
36 9 35 95 54 36
32 13 12 110 58 12
37 10 11 104 30 36
40 13 47 74 46 11
44 45 35 85 37 47
43 39 0 79 22 47
39 2 59 95 40 11
41 39 0 83 32 24
33 25 48 94 3 0
39 28 12 87 24 36
27 57 0 82 26 59
30 27 0 84 16 47
47 14 24 122 25 48
43 2 59 76 9 0
32 35 59 82 20 23
33 55 11 80 20 59
40 59 24 75 11 24
37 57 35 121 17 24
44 31 12 89 34 11
40 21 36 80 37 12
40 37 11 103 13 12
38 9 0 79 4 11
39 55 11 83 48 35
37 13 12 93 17 24
42 5 59 72 35 23
39 47 59 89 39 0
47 40 11 117 24 36
41 40 48 86 15 0
43 32 24 96 43 48
42 29 24 96 23 23
32 30 35 93 45 0
33 38 23 96 36 36
44 47 59 106 57 35
35 13 47 96 40 48
32 25 11 87 1 11
38 42 35 93 13 48
47 35 59 122 19 48
41 24 35 75 40 11
41 52 11 103 39 36
42 49 11 73 56 59
32 4 48 81 5 23
46 29 24 84 20 59
27 20 24 82 31 47
38 26 23 122 43 12
35 40 48 105 56 59
34 25 11 119 41 59
33 45 35 117 52 12
37 20 24 121 52 47
37 46 47 122 25 11
41 27 0 82 42 35
32 42 35 117 9 0
34 6 36 117 18 35
29 25 12 98 30 0
31 27 35 100 26 24
40 45 35 111 52 47
38 22 11 75 35 59
36 40 11 121 39 0
38 50 24 97 36 36
38 31 47 106 0 0
44 56 23 123 1 47
44 57 0 93 5 59
38 37 11 90 11 24
39 46 12 94 50 23
42 5 59 86 28 48
44 25 11 72 1 11
45 34 11 94 10 11
29 53 23 81 19 11
43 25 48 83 56 24
38 35 24 121 29 23
43 36 36 72 58 12
33 24 0 104 31 47
35 56 23 77 48 0
41 35 24 109 13 48
42 16 12 89 5 59
43 9 35 77 36 36
44 1 12 92 27 35
37 16 12 79 56 24
37 32 24 77 26 59
39 49 48 84 53 23
38 46 12 112 5 23
45 38 23 89 25 11
39 31 12 119 48 35
50 25 11 104 39 0
40 10 48 122 14 23
40 19 48 75 55 48
41 9 35 81 14 23